# Made in Blockbench 4.2.4
mtllib griver.mtl

o cube
v 0.125 2 2.4375
v 0.125 2 1.1875
v 0.125 1.5625 2.4375
v 0.125 1.5625 1.1875
v -0.125 2 1.1875
v -0.125 2 2.4375
v -0.125 1.5625 1.1875
v -0.125 1.5625 2.4375
vt 0.71875 0.6796875
vt 0.75 0.6796875
vt 0.75 0.625
vt 0.71875 0.625
vt 0.53125 0.6640625
vt 0.6875 0.6640625
vt 0.6875 0.609375
vt 0.53125 0.609375
vt 0.734375 0.921875
vt 0.765625 0.921875
vt 0.765625 0.8671875
vt 0.734375 0.8671875
vt 0.5703125 0.4453125
vt 0.7265625 0.4453125
vt 0.7265625 0.390625
vt 0.5703125 0.390625
vt 0.375 0.2734375
vt 0.34375 0.2734375
vt 0.34375 0.4296875
vt 0.375 0.4296875
vt 0.40625 0.3515625
vt 0.375 0.3515625
vt 0.375 0.1953125
vt 0.40625 0.1953125
vn 0 0 -1
vn 1 0 0
vn 0 0 1
vn -1 0 0
vn 0 1 0
vn 0 -1 0
usemtl m_0
f 4/4/1 7/3/1 5/2/1 2/1/1
f 3/8/2 4/7/2 2/6/2 1/5/2
f 8/12/3 3/11/3 1/10/3 6/9/3
f 7/16/4 8/15/4 6/14/4 5/13/4
f 6/20/5 1/19/5 2/18/5 5/17/5
f 7/24/6 4/23/6 3/22/6 8/21/6
o cube
v 0.125 2.245096003546679 3.2793747345204562
v 0.125 1.9862769584441584 2.313448908231388
v 0.125 1.822503454545212 3.3926080667528087
v 0.125 1.5636844094426912 2.4266822404637405
v -0.125 1.9862769584441584 2.313448908231388
v -0.125 2.245096003546679 3.2793747345204562
v -0.125 1.5636844094426912 2.4266822404637405
v -0.125 1.822503454545212 3.3926080667528087
vt 0.734375 0.625
vt 0.765625 0.625
vt 0.765625 0.5703125
vt 0.734375 0.5703125
vt 0.578125 0.8984375
vt 0.703125 0.8984375
vt 0.703125 0.84375
vt 0.578125 0.84375
vt 0.734375 0.5703125
vt 0.765625 0.5703125
vt 0.765625 0.515625
vt 0.734375 0.515625
vt 0.578125 0.84375
vt 0.703125 0.84375
vt 0.703125 0.7890625
vt 0.578125 0.7890625
vt 0.5 0.2265625
vt 0.46875 0.2265625
vt 0.46875 0.3515625
vt 0.5 0.3515625
vt 0.53125 0.3515625
vt 0.5 0.3515625
vt 0.5 0.2265625
vt 0.53125 0.2265625
vn 0 -0.25881904510252074 -0.9659258262890683
vn 1 0 0
vn 0 0.25881904510252074 0.9659258262890683
vn -1 0 0
vn 0 0.9659258262890683 -0.25881904510252074
vn 0 -0.9659258262890683 0.25881904510252074
usemtl m_0
f 12/28/7 15/27/7 13/26/7 10/25/7
f 11/32/8 12/31/8 10/30/8 9/29/8
f 16/36/9 11/35/9 9/34/9 14/33/9
f 15/40/10 16/39/10 14/38/10 13/37/10
f 14/44/11 9/43/11 10/42/11 13/41/11
f 15/48/12 12/47/12 11/46/12 16/45/12
o cube
v -0.031249992133711397 3.6181802877094387 1.6687455709175107
v 0.0312500078662868 3.618180287994509 1.6687455722033795
v -0.031249992076260686 3.6785506518525093 1.6525693805986024
v 0.03125000792373752 3.6785506521375795 1.6525693818844711
v 0.031249999971274162 3.7152374299079525 2.0309677570617803
v -0.031250000028724044 3.7152374296228823 2.0309677557759116
v 0.03125000002872488 3.775607794051023 2.014791566742872
v -0.031249999971273326 3.775607793765953 2.014791565457003
vt 0.375 0.7265625
vt 0.421875 0.7265625
vt 0.421875 0.71875
vt 0.375 0.71875
vt 0.1328125 0.3125
vt 0.140625 0.3125
vt 0.140625 0.3046875
vt 0.1328125 0.3046875
vt 0.515625 0.875
vt 0.5625 0.875
vt 0.5625 0.8671875
vt 0.515625 0.8671875
vt 0.6953125 0.9140625
vt 0.703125 0.9140625
vt 0.703125 0.90625
vt 0.6953125 0.90625
vt 0.5625 0.859375
vt 0.515625 0.859375
vt 0.515625 0.8671875
vt 0.5625 0.8671875
vt 0.671875 0.6796875
vt 0.625 0.6796875
vt 0.625 0.671875
vt 0.671875 0.671875
vn 0.9999999999999998 4.561122323530273e-9 2.0573900380833068e-8
vn 2.1053366813538516e-8 -0.25881904510251674 -0.9659258262890692
vn -0.9999999999999998 -4.561122323530273e-9 -2.0573900380833068e-8
vn -2.1053366813538516e-8 0.25881904510251674 0.9659258262890692
vn -9.192113488781615e-10 -0.9659258262890693 0.2588190451025168
vn 9.192113488781615e-10 0.9659258262890693 -0.2588190451025168
usemtl m_0
f 20/52/13 23/51/13 21/50/13 18/49/13
f 19/56/14 20/55/14 18/54/14 17/53/14
f 24/60/15 19/59/15 17/58/15 22/57/15
f 23/64/16 24/63/16 22/62/16 21/61/16
f 22/68/17 17/67/17 18/66/17 21/65/17
f 23/72/18 20/71/18 19/70/18 24/69/18
o cube
v -0.031249999999620325 3.4411784266919816 1.635287958671067
v 0.0312500000003779 3.4411784266919816 1.635287958671067
v -0.031249999999620387 3.5015487908350518 1.6514641489899753
v 0.03125000000037784 3.5015487908350518 1.6514641489899753
v 0.0312500000003779 3.3441212847785367 1.9975101435294675
v -0.031249999999620325 3.3441212847785367 1.9975101435294675
v 0.03125000000037784 3.404491648921607 2.013686333848376
v -0.031249999999620387 3.404491648921607 2.013686333848376
vt 0.625 0.671875
vt 0.671875 0.671875
vt 0.671875 0.6640625
vt 0.625 0.6640625
vt 0.1328125 0.3046875
vt 0.140625 0.3046875
vt 0.140625 0.296875
vt 0.1328125 0.296875
vt 0.2109375 0.2109375
vt 0.2578125 0.2109375
vt 0.2578125 0.203125
vt 0.2109375 0.203125
vt 0.125 0.296875
vt 0.1328125 0.296875
vt 0.1328125 0.2890625
vt 0.125 0.2890625
vt 0.59375 0.203125
vt 0.546875 0.203125
vt 0.546875 0.2109375
vt 0.59375 0.2109375
vt 0.640625 0.2109375
vt 0.59375 0.2109375
vt 0.59375 0.203125
vt 0.640625 0.203125
vn 1 9.919636104942381e-16 2.6579584835299087e-16
vn -2.6579584835299087e-16 0.2588190451025199 -0.9659258262890686
vn -1 -9.919636104942381e-16 -2.6579584835299087e-16
vn 2.6579584835299087e-16 -0.2588190451025199 0.9659258262890686
vn 9.919636104942381e-16 -0.9659258262890686 -0.2588190451025199
vn -9.919636104942381e-16 0.9659258262890686 0.2588190451025199
usemtl m_0
f 28/76/19 31/75/19 29/74/19 26/73/19
f 27/80/20 28/79/20 26/78/20 25/77/20
f 32/84/21 27/83/21 25/82/21 30/81/21
f 31/88/22 32/87/22 30/86/22 29/85/22
f 30/92/23 25/91/23 26/90/23 29/89/23
f 31/96/24 28/95/24 27/94/24 32/93/24
o cube
v -0.058315746391983295 3.528614545235859 1.6687455709175105
v -0.05831574667705318 3.591114545235857 1.6687455722033793
v -0.11868611053505398 3.5286145452933098 1.6525693805986021
v -0.11868611082012387 3.591114545293308 1.652569381884471
v -0.1553728885904973 3.5911145373408444 2.0309677570617803
v -0.15537288830542742 3.528614537340846 2.0309677557759116
v -0.21574325273356798 3.5911145373982953 2.014791566742872
v -0.2157432524484981 3.528614537398297 2.0147915654570028
vt 0.640625 0.2109375
vt 0.6875 0.2109375
vt 0.6875 0.203125
vt 0.640625 0.203125
vt 0.1328125 0.296875
vt 0.140625 0.296875
vt 0.140625 0.2890625
vt 0.1328125 0.2890625
vt 0.6875 0.2109375
vt 0.734375 0.2109375
vt 0.734375 0.203125
vt 0.6875 0.203125
vt 0.703125 0.8046875
vt 0.7109375 0.8046875
vt 0.7109375 0.796875
vt 0.703125 0.796875
vt 0.78125 0.203125
vt 0.734375 0.203125
vt 0.734375 0.2109375
vt 0.78125 0.2109375
vt 0.828125 0.2109375
vt 0.78125 0.2109375
vt 0.78125 0.203125
vt 0.828125 0.203125
vn -4.561117903758506e-9 0.9999999999999998 2.057390179498483e-8
vn 0.25881904510251785 2.1053367423082033e-8 -0.965925826289069
vn 4.561117903758506e-9 -0.9999999999999998 -2.057390179498483e-8
vn -0.25881904510251785 -2.1053367423082033e-8 0.965925826289069
vn 0.9659258262890692 -9.192159373465667e-10 0.2588190451025177
vn -0.9659258262890692 9.192159373465667e-10 -0.2588190451025177
usemtl m_0
f 36/100/25 39/99/25 37/98/25 34/97/25
f 35/104/26 36/103/26 34/102/26 33/101/26
f 40/108/27 35/107/27 33/106/27 38/105/27
f 39/112/28 40/111/28 38/110/28 37/109/28
f 38/116/29 33/115/29 34/114/29 37/113/29
f 39/120/30 36/119/30 35/118/30 40/117/30
o cube
v 0.11868611462547456 3.528614537369951 1.635287958671067
v 0.1186861146254741 3.591114537369949 1.6352879586710671
v 0.058315750482404324 3.5286145373699505 1.6514641489899753
v 0.05831575048240385 3.5911145373699487 1.6514641489899755
v 0.21574325653891854 3.5911145373699487 1.997510143529468
v 0.21574325653891901 3.5286145373699505 1.9975101435294678
v 0.1553728923958483 3.5911145373699482 2.0136863338483764
v 0.15537289239584876 3.52861453736995 2.0136863338483764
vt 0 0.203125
vt 0.046875 0.203125
vt 0.046875 0.1953125
vt 0 0.1953125
vt 0.703125 0.796875
vt 0.7109375 0.796875
vt 0.7109375 0.7890625
vt 0.703125 0.7890625
vt 0.046875 0.203125
vt 0.09375 0.203125
vt 0.09375 0.1953125
vt 0.046875 0.1953125
vt 0.125 0.2890625
vt 0.1328125 0.2890625
vt 0.1328125 0.28125
vt 0.125 0.28125
vt 0.140625 0.1953125
vt 0.09375 0.1953125
vt 0.09375 0.203125
vt 0.140625 0.203125
vt 0.1875 0.203125
vt 0.140625 0.203125
vt 0.140625 0.1953125
vt 0.1875 0.1953125
vn -7.327675621969728e-15 1 2.2507916283883104e-15
vn -0.25881904510251846 2.339295453417266e-16 -0.9659258262890689
vn 7.327675621969728e-15 -1 -2.2507916283883104e-15
vn 0.25881904510251846 -2.339295453417266e-16 0.9659258262890689
vn 0.9659258262890689 7.70610779080288e-15 -0.2588190451025185
vn -0.9659258262890689 -7.70610779080288e-15 0.2588190451025185
usemtl m_0
f 44/124/31 47/123/31 45/122/31 42/121/31
f 43/128/32 44/127/32 42/126/32 41/125/32
f 48/132/33 43/131/33 41/130/33 46/129/33
f 47/136/34 48/135/34 46/134/34 45/133/34
f 46/140/35 41/139/35 42/138/35 45/137/35
f 47/144/36 44/143/36 43/142/36 48/141/36
o cube
v 0.125 3.35749230209396 3.1775529960504114
v 0.125 3.0348555566464976 3.638326020962967
v 0.125 3.715871321470397 3.4284926869539962
v 0.125 3.3932345760229348 3.8892657118665523
v -0.125 3.0348555566464976 3.638326020962967
v -0.125 3.35749230209396 3.1775529960504114
v -0.125 3.3932345760229348 3.8892657118665523
v -0.125 3.715871321470397 3.4284926869539962
vt 0.75 0.8125
vt 0.78125 0.8125
vt 0.78125 0.7578125
vt 0.75 0.7578125
vt 0.3828125 0.5234375
vt 0.453125 0.5234375
vt 0.453125 0.46875
vt 0.3828125 0.46875
vt 0.75 0.7578125
vt 0.78125 0.7578125
vt 0.78125 0.703125
vt 0.75 0.703125
vt 0.640625 0.609375
vt 0.7109375 0.609375
vt 0.7109375 0.5546875
vt 0.640625 0.5546875
vt 0.71875 0.609375
vt 0.6875 0.609375
vt 0.6875 0.6796875
vt 0.71875 0.6796875
vt 0.265625 0.2890625
vt 0.234375 0.2890625
vt 0.234375 0.21875
vt 0.265625 0.21875
vn 0 -0.5735764363510464 0.8191520442889915
vn 1 0 0
vn 0 0.5735764363510464 -0.8191520442889915
vn -1 0 0
vn 0 -0.8191520442889915 -0.5735764363510464
vn 0 0.8191520442889915 0.5735764363510464
usemtl m_0
f 52/148/37 55/147/37 53/146/37 50/145/37
f 51/152/38 52/151/38 50/150/38 49/149/38
f 56/156/39 51/155/39 49/154/39 54/153/39
f 55/160/40 56/159/40 54/158/40 53/157/40
f 54/164/41 49/163/41 50/162/41 53/161/41
f 55/168/42 52/167/42 51/166/42 56/165/42
o cube
v 0.125 3.340922377674488 1.9739390282177918
v 0.125 3.2782195083368175 3.4100708467417107
v 0.125 3.778005974616555 1.9930225101901264
v 0.125 3.7153031052788843 3.4291543287140454
v -0.125 3.2782195083368175 3.4100708467417107
v -0.125 3.340922377674488 1.9739390282177918
v -0.125 3.7153031052788843 3.4291543287140454
v -0.125 3.778005974616555 1.9930225101901264
vt 0.265625 0.25
vt 0.296875 0.25
vt 0.296875 0.1953125
vt 0.265625 0.1953125
vt 0.28125 0.578125
vt 0.4609375 0.578125
vt 0.4609375 0.5234375
vt 0.28125 0.5234375
vt 0.296875 0.25
vt 0.328125 0.25
vt 0.328125 0.1953125
vt 0.296875 0.1953125
vt 0.4609375 0.59375
vt 0.640625 0.59375
vt 0.640625 0.5390625
vt 0.4609375 0.5390625
vt 0.3125 0.25
vt 0.28125 0.25
vt 0.28125 0.4296875
vt 0.3125 0.4296875
vt 0.34375 0.4296875
vt 0.3125 0.4296875
vt 0.3125 0.25
vt 0.34375 0.25
vn 0 -0.043619387365336076 0.9990482215818579
vn 1 0 0
vn 0 0.043619387365336076 -0.9990482215818579
vn -1 0 0
vn 0 -0.9990482215818579 -0.043619387365336076
vn 0 0.9990482215818579 0.043619387365336076
usemtl m_0
f 60/172/43 63/171/43 61/170/43 58/169/43
f 59/176/44 60/175/44 58/174/44 57/173/44
f 64/180/45 59/179/45 57/178/45 62/177/45
f 63/184/46 64/183/46 62/182/46 61/181/46
f 62/188/47 57/187/47 58/186/47 61/185/47
f 63/192/48 60/191/48 59/190/48 64/189/48
o cube
v 0.21875 3.340922377674488 1.9739390282177915
v 0.21875 3.3327437425434874 2.161260569764388
v 0.21875 3.778005974616555 1.9930225101901264
v 0.21875 3.769827339485554 2.1803440517367227
v -0.21875 3.3327437425434874 2.161260569764388
v -0.21875 3.340922377674488 1.9739390282177915
v -0.21875 3.769827339485554 2.1803440517367227
v -0.21875 3.778005974616555 1.9930225101901264
vt 0.203125 0.34375
vt 0.2578125 0.34375
vt 0.2578125 0.2890625
vt 0.203125 0.2890625
vt 0.2578125 0.34375
vt 0.28125 0.34375
vt 0.28125 0.2890625
vt 0.2578125 0.2890625
vt 0.65625 0.5546875
vt 0.7109375 0.5546875
vt 0.7109375 0.5
vt 0.65625 0.5
vt 0.6953125 0.390625
vt 0.71875 0.390625
vt 0.71875 0.3359375
vt 0.6953125 0.3359375
vt 0.5703125 0.875
vt 0.515625 0.875
vt 0.515625 0.8984375
vt 0.5703125 0.8984375
vt 0.4375 0.46875
vt 0.3828125 0.46875
vt 0.3828125 0.4453125
vt 0.4375 0.4453125
vn 0 -0.043619387365336076 0.9990482215818579
vn 1 0 0
vn 0 0.043619387365336076 -0.9990482215818579
vn -1 0 0
vn 0 -0.9990482215818579 -0.043619387365336076
vn 0 0.9990482215818579 0.043619387365336076
usemtl m_0
f 68/196/49 71/195/49 69/194/49 66/193/49
f 67/200/50 68/199/50 66/198/50 65/197/50
f 72/204/51 67/203/51 65/202/51 70/201/51
f 71/208/52 72/207/52 70/206/52 69/205/52
f 70/212/53 65/211/53 66/210/53 69/209/53
f 71/216/54 68/215/54 67/214/54 72/213/54
o cube
v 0.125 2.8690594883411253 3.6954148225039742
v 0.125 2.103015045222148 3.0526272128174354
v 0.125 2.5878399091032644 4.0305592663685275
v 0.125 1.821795465984287 3.387771656681988
v -0.125 2.103015045222148 3.0526272128174354
v -0.125 2.8690594883411253 3.6954148225039742
v -0.125 1.821795465984287 3.387771656681988
v -0.125 2.5878399091032644 4.0305592663685275
vt 0.7421875 0.390625
vt 0.7734375 0.390625
vt 0.7734375 0.3359375
vt 0.7421875 0.3359375
vt 0.609375 1
vt 0.734375 1
vt 0.734375 0.9453125
vt 0.609375 0.9453125
vt 0.7421875 0.3359375
vt 0.7734375 0.3359375
vt 0.7734375 0.28125
vt 0.7421875 0.28125
vt 0.5703125 0.390625
vt 0.6953125 0.390625
vt 0.6953125 0.3359375
vt 0.5703125 0.3359375
vt 0.5625 0.2265625
vt 0.53125 0.2265625
vt 0.53125 0.3515625
vt 0.5625 0.3515625
vt 0.03125 0.34375
vt 0 0.34375
vt 0 0.21875
vt 0.03125 0.21875
vn 0 -0.766044443118978 -0.6427876096865393
vn 1 0 0
vn 0 0.766044443118978 0.6427876096865393
vn -1 0 0
vn 0 0.6427876096865393 -0.766044443118978
vn 0 -0.6427876096865393 0.766044443118978
usemtl m_0
f 76/220/55 79/219/55 77/218/55 74/217/55
f 75/224/56 76/223/56 74/222/56 73/221/56
f 80/228/57 75/227/57 73/226/57 78/225/57
f 79/232/58 80/231/58 78/230/58 77/229/58
f 78/236/59 73/235/59 74/234/59 77/233/59
f 79/240/60 76/239/60 75/238/60 80/237/60
o cube
v 0.125 3.3148615112841187 3.461068319453167
v 0.125 2.5147052119616995 3.602157463807548
v 0.125 3.390832589013401 3.891921711396008
v 0.125 2.5906762896909816 4.033010855750389
v -0.125 2.5147052119616995 3.602157463807548
v -0.125 3.3148615112841187 3.461068319453167
v -0.125 2.5906762896909816 4.033010855750389
v -0.125 3.390832589013401 3.891921711396008
vt 0.7421875 0.28125
vt 0.7734375 0.28125
vt 0.7734375 0.2265625
vt 0.7421875 0.2265625
vt 0.625 0.7890625
vt 0.7265625 0.7890625
vt 0.7265625 0.734375
vt 0.625 0.734375
vt 0.75 0.8671875
vt 0.78125 0.8671875
vt 0.78125 0.8125
vt 0.75 0.8125
vt 0.625 0.734375
vt 0.7265625 0.734375
vt 0.7265625 0.6796875
vt 0.625 0.6796875
vt 0.171875 0.2421875
vt 0.140625 0.2421875
vt 0.140625 0.34375
vt 0.171875 0.34375
vt 0.203125 0.34375
vt 0.171875 0.34375
vt 0.171875 0.2421875
vt 0.203125 0.2421875
vn 0 -0.9848077530122081 0.1736481776669303
vn 1 0 0
vn 0 0.9848077530122081 -0.1736481776669303
vn -1 0 0
vn 0 -0.1736481776669303 -0.9848077530122081
vn 0 0.1736481776669303 0.9848077530122081
usemtl m_0
f 84/244/61 87/243/61 85/242/61 82/241/61
f 83/248/62 84/247/62 82/246/62 81/245/62
f 88/252/63 83/251/63 81/250/63 86/249/63
f 87/256/64 88/255/64 86/254/64 85/253/64
f 86/260/65 81/259/65 82/258/65 85/257/65
f 87/264/66 84/263/66 83/262/66 88/261/66
o cube
v 0.3125 2.0625 -2.125
v 0.3125 2.0625 -2.375
v 0.3125 1.4375 -2.125
v 0.3125 1.4375 -2.375
v 0.125 2.0625 -2.375
v 0.125 2.0625 -2.125
v 0.125 1.4375 -2.375
v 0.125 1.4375 -2.125
vt 0.7109375 0.609375
vt 0.734375 0.609375
vt 0.734375 0.53125
vt 0.7109375 0.53125
vt 0.03125 0.3125
vt 0.0625 0.3125
vt 0.0625 0.234375
vt 0.03125 0.234375
vt 0.71875 0.390625
vt 0.7421875 0.390625
vt 0.7421875 0.3125
vt 0.71875 0.3125
vt 0.0625 0.3125
vt 0.09375 0.3125
vt 0.09375 0.234375
vt 0.0625 0.234375
vt 0.5078125 0.7265625
vt 0.484375 0.7265625
vt 0.484375 0.7578125
vt 0.5078125 0.7578125
vt 0.53125 0.7578125
vt 0.5078125 0.7578125
vt 0.5078125 0.7265625
vt 0.53125 0.7265625
vn 0 0 -1
vn 1 0 0
vn 0 0 1
vn -1 0 0
vn 0 1 0
vn 0 -1 0
usemtl m_0
f 92/268/67 95/267/67 93/266/67 90/265/67
f 91/272/68 92/271/68 90/270/68 89/269/68
f 96/276/69 91/275/69 89/274/69 94/273/69
f 95/280/70 96/279/70 94/278/70 93/277/70
f 94/284/71 89/283/71 90/282/71 93/281/71
f 95/288/72 92/287/72 91/286/72 96/285/72
o cube
v -0.125 2.0625 -2.125
v -0.125 2.0625 -2.375
v -0.125 1.4375 -2.125
v -0.125 1.4375 -2.375
v -0.3125 2.0625 -2.375
v -0.3125 2.0625 -2.125
v -0.3125 1.4375 -2.375
v -0.3125 1.4375 -2.125
vt 0.71875 0.3125
vt 0.7421875 0.3125
vt 0.7421875 0.234375
vt 0.71875 0.234375
vt 0.09375 0.3125
vt 0.125 0.3125
vt 0.125 0.234375
vt 0.09375 0.234375
vt 0.7265625 0.8359375
vt 0.75 0.8359375
vt 0.75 0.7578125
vt 0.7265625 0.7578125
vt 0.625 0.3046875
vt 0.65625 0.3046875
vt 0.65625 0.2265625
vt 0.625 0.2265625
vt 0.6015625 0.7578125
vt 0.578125 0.7578125
vt 0.578125 0.7890625
vt 0.6015625 0.7890625
vt 0.625 0.7890625
vt 0.6015625 0.7890625
vt 0.6015625 0.7578125
vt 0.625 0.7578125
vn 0 0 -1
vn 1 0 0
vn 0 0 1
vn -1 0 0
vn 0 1 0
vn 0 -1 0
usemtl m_0
f 100/292/73 103/291/73 101/290/73 98/289/73
f 99/296/74 100/295/74 98/294/74 97/293/74
f 104/300/75 99/299/75 97/298/75 102/297/75
f 103/304/76 104/303/76 102/302/76 101/301/76
f 102/308/77 97/307/77 98/306/77 101/305/77
f 103/312/78 100/311/78 99/310/78 104/309/78
o cube
v 0.3124999999999999 1.875 -2.125
v 0.3124999999999999 1.875 -2.375
v -0.3125000000000001 1.875 -2.125
v -0.3125000000000001 1.875 -2.375
v 0.3124999999999999 2.0625 -2.375
v 0.3124999999999999 2.0625 -2.125
v -0.3125000000000001 2.0625 -2.375
v -0.3125000000000001 2.0625 -2.125
vt 0.7265625 0.7578125
vt 0.75 0.7578125
vt 0.75 0.6796875
vt 0.7265625 0.6796875
vt 0.65625 0.3046875
vt 0.6875 0.3046875
vt 0.6875 0.2265625
vt 0.65625 0.2265625
vt 0.34375 0.2734375
vt 0.3671875 0.2734375
vt 0.3671875 0.1953125
vt 0.34375 0.1953125
vt 0.6875 0.3046875
vt 0.71875 0.3046875
vt 0.71875 0.2265625
vt 0.6875 0.2265625
vt 0.7265625 0.8046875
vt 0.703125 0.8046875
vt 0.703125 0.8359375
vt 0.7265625 0.8359375
vt 0.1796875 0.2421875
vt 0.15625 0.2421875
vt 0.15625 0.2109375
vt 0.1796875 0.2109375
vn 0 0 -1
vn 2.220446049250313e-16 -1 0
vn 0 0 1
vn -2.220446049250313e-16 1 0
vn 1 2.220446049250313e-16 0
vn -1 -2.220446049250313e-16 0
usemtl m_0
f 108/316/79 111/315/79 109/314/79 106/313/79
f 107/320/80 108/319/80 106/318/80 105/317/80
f 112/324/81 107/323/81 105/322/81 110/321/81
f 111/328/82 112/327/82 110/326/82 109/325/82
f 110/332/83 105/331/83 106/330/83 109/329/83
f 111/336/84 108/335/84 107/334/84 112/333/84
o cube
v 0.3125 1.4375000000000002 -2.125
v 0.3125 1.4375000000000002 -2.375
v -0.3125 1.4375 -2.125
v -0.3125 1.4375 -2.375
v 0.3125 1.6250000000000002 -2.375
v 0.3125 1.6250000000000002 -2.125
v -0.3125 1.625 -2.375
v -0.3125 1.625 -2.125
vt 0.7265625 0.46875
vt 0.75 0.46875
vt 0.75 0.390625
vt 0.7265625 0.390625
vt 0.703125 0.9140625
vt 0.734375 0.9140625
vt 0.734375 0.8359375
vt 0.703125 0.8359375
vt 0.734375 1
vt 0.7578125 1
vt 0.7578125 0.921875
vt 0.734375 0.921875
vt 0.203125 0.2890625
vt 0.234375 0.2890625
vt 0.234375 0.2109375
vt 0.203125 0.2109375
vt 0.203125 0.2109375
vt 0.1796875 0.2109375
vt 0.1796875 0.2421875
vt 0.203125 0.2421875
vt 0.5859375 0.2421875
vt 0.5625 0.2421875
vt 0.5625 0.2109375
vt 0.5859375 0.2109375
vn 0 0 -1
vn 2.220446049250313e-16 -1 0
vn 0 0 1
vn -2.220446049250313e-16 1 0
vn 1 2.220446049250313e-16 0
vn -1 -2.220446049250313e-16 0
usemtl m_0
f 116/340/85 119/339/85 117/338/85 114/337/85
f 115/344/86 116/343/86 114/342/86 113/341/86
f 120/348/87 115/347/87 113/346/87 118/345/87
f 119/352/88 120/351/88 118/350/88 117/349/88
f 118/356/89 113/355/89 114/354/89 117/353/89
f 119/360/90 116/359/90 115/358/90 120/357/90
o cube
v 0.5625 2.3125 1.5
v 0.5625 2.3125 -1.5
v 0.5625 1.1875 1.5
v 0.5625 1.1875 -1.5
v -0.5625 2.3125 -1.5
v -0.5625 2.3125 1.5
v -0.5625 1.1875 -1.5
v -0.5625 1.1875 1.5
vt 0.28125 0.71875
vt 0.421875 0.71875
vt 0.421875 0.578125
vt 0.28125 0.578125
vt 0 1
vt 0.375 1
vt 0.375 0.859375
vt 0 0.859375
vt 0.375 1
vt 0.515625 1
vt 0.515625 0.859375
vt 0.375 0.859375
vt 0 0.859375
vt 0.375 0.859375
vt 0.375 0.71875
vt 0 0.71875
vt 0.140625 0.34375
vt 0 0.34375
vt 0 0.71875
vt 0.140625 0.71875
vt 0.28125 0.71875
vt 0.140625 0.71875
vt 0.140625 0.34375
vt 0.28125 0.34375
vn 0 0 -1
vn 1 0 0
vn 0 0 1
vn -1 0 0
vn 0 1 0
vn 0 -1 0
usemtl m_0
f 124/364/91 127/363/91 125/362/91 122/361/91
f 123/368/92 124/367/92 122/366/92 121/365/92
f 128/372/93 123/371/93 121/370/93 126/369/93
f 127/376/94 128/375/94 126/374/94 125/373/94
f 126/380/95 121/379/95 122/378/95 125/377/95
f 127/384/96 124/383/96 123/382/96 128/381/96
o cube
v 0.375 2.125 -1.375
v 0.375 2.125 -1.9375
v 0.375 1.375 -1.375
v 0.375 1.375 -1.9375
v -0.375 2.125 -1.9375
v -0.375 2.125 -1.375
v -0.375 1.375 -1.9375
v -0.375 1.375 -1.375
vt 0.53125 0.7578125
vt 0.625 0.7578125
vt 0.625 0.6640625
vt 0.53125 0.6640625
vt 0.4609375 0.5390625
vt 0.5625 0.5390625
vt 0.5625 0.4453125
vt 0.4609375 0.4453125
vt 0.3828125 0.4453125
vt 0.4765625 0.4453125
vt 0.4765625 0.3515625
vt 0.3828125 0.3515625
vt 0.28125 0.5234375
vt 0.3828125 0.5234375
vt 0.3828125 0.4296875
vt 0.28125 0.4296875
vt 0.578125 0.7578125
vt 0.484375 0.7578125
vt 0.484375 0.859375
vt 0.578125 0.859375
vt 0.609375 1
vt 0.515625 1
vt 0.515625 0.8984375
vt 0.609375 0.8984375
vn 0 0 -1
vn 1 0 0
vn 0 0 1
vn -1 0 0
vn 0 1 0
vn 0 -1 0
usemtl m_0
f 132/388/97 135/387/97 133/386/97 130/385/97
f 131/392/98 132/391/98 130/390/98 129/389/98
f 136/396/99 131/395/99 129/394/99 134/393/99
f 135/400/100 136/399/100 134/398/100 133/397/100
f 134/404/101 129/403/101 130/402/101 133/401/101
f 135/408/102 132/407/102 131/406/102 136/405/102
o cube
v 0.4375 2.375 -1.8749999999999998
v 0.4375 2.375 -2.125
v 0.4375 1.3125 -1.8749999999999998
v 0.4375 1.3125 -2.125
v -0.4375 2.375 -2.125
v -0.4375 2.375 -1.8749999999999998
v -0.4375 1.3125 -2.125
v -0.4375 1.3125 -1.8749999999999998
vt 0.375 0.859375
vt 0.484375 0.859375
vt 0.484375 0.7265625
vt 0.375 0.7265625
vt 0.40625 0.3515625
vt 0.4375 0.3515625
vt 0.4375 0.21875
vt 0.40625 0.21875
vt 0.421875 0.7265625
vt 0.53125 0.7265625
vt 0.53125 0.59375
vt 0.421875 0.59375
vt 0.4375 0.3515625
vt 0.46875 0.3515625
vt 0.46875 0.21875
vt 0.4375 0.21875
vt 0.71875 0.9140625
vt 0.609375 0.9140625
vt 0.609375 0.9453125
vt 0.71875 0.9453125
vt 0.140625 0.34375
vt 0.03125 0.34375
vt 0.03125 0.3125
vt 0.140625 0.3125
vn 0 0 -1
vn 1 0 0
vn 0 0 1
vn -1 0 0
vn 0 1 0
vn 0 -1 0
usemtl m_0
f 140/412/103 143/411/103 141/410/103 138/409/103
f 139/416/104 140/415/104 138/414/104 137/413/104
f 144/420/105 139/419/105 137/418/105 142/417/105
f 143/424/106 144/423/106 142/422/106 141/421/106
f 142/428/107 137/427/107 138/426/107 141/425/107
f 143/432/108 140/431/108 139/430/108 144/429/108
o cube
v 0.375 2.125 -2
v 0.375 2.125 -2.25
v 0.375 1.375 -2
v 0.375 1.375 -2.25
v -0.375 2.125 -2.25
v -0.375 2.125 -2
v -0.375 1.375 -2.25
v -0.375 1.375 -2
vt 0.4765625 0.4453125
vt 0.5703125 0.4453125
vt 0.5703125 0.3515625
vt 0.4765625 0.3515625
vt 0.5625 0.3359375
vt 0.59375 0.3359375
vt 0.59375 0.2421875
vt 0.5625 0.2421875
vt 0.5625 0.5390625
vt 0.65625 0.5390625
vt 0.65625 0.4453125
vt 0.5625 0.4453125
vt 0.59375 0.3359375
vt 0.625 0.3359375
vt 0.625 0.2421875
vt 0.59375 0.2421875
vt 0.75 0.46875
vt 0.65625 0.46875
vt 0.65625 0.5
vt 0.75 0.5
vt 0.71875 0.3359375
vt 0.625 0.3359375
vt 0.625 0.3046875
vt 0.71875 0.3046875
vn 0 0 -1
vn 1 0 0
vn 0 0 1
vn -1 0 0
vn 0 1 0
vn 0 -1 0
usemtl m_0
f 148/436/109 151/435/109 149/434/109 146/433/109
f 147/440/110 148/439/110 146/438/110 145/437/110
f 152/444/111 147/443/111 145/442/111 150/441/111
f 151/448/112 152/447/112 150/446/112 149/445/112
f 150/452/113 145/451/113 146/450/113 149/449/113
f 151/456/114 148/455/114 147/454/114 152/453/114
o cube
v 2.5 4.440892098500626e-16 0.125
v 2.5 4.440892098500626e-16 -0.0625
v 2.3125 4.440892098500626e-16 0.125
v 2.3125 4.440892098500626e-16 -0.0625
v 2.5 1.3750000000000004 -0.0625
v 2.5 1.3750000000000004 0.125
v 2.3125 1.3750000000000004 -0.0625
v 2.3125 1.3750000000000004 0.125
vt 0.7109375 0.515625
vt 0.8671875 0.515625
vt 0.8671875 0.5078125
vt 0.7109375 0.5078125
vt 0.421875 0.59375
vt 0.4296875 0.59375
vt 0.4296875 0.5859375
vt 0.421875 0.5859375
vt 0.7109375 0.5078125
vt 0.8671875 0.5078125
vt 0.8671875 0.5
vt 0.7109375 0.5
vt 0.421875 0.5859375
vt 0.4296875 0.5859375
vt 0.4296875 0.578125
vt 0.421875 0.578125
vt 0.90625 0.6953125
vt 0.75 0.6953125
vt 0.75 0.703125
vt 0.90625 0.703125
vt 0.90625 0.6953125
vt 0.75 0.6953125
vt 0.75 0.6875
vt 0.90625 0.6875
vn 0 0 -1
vn 2.220446049250313e-16 -1 0
vn 0 0 1
vn -2.220446049250313e-16 1 0
vn 1 2.220446049250313e-16 0
vn -1 -2.220446049250313e-16 0
usemtl m_0
f 156/460/115 159/459/115 157/458/115 154/457/115
f 155/464/116 156/463/116 154/462/116 153/461/116
f 160/468/117 155/467/117 153/466/117 158/465/117
f 159/472/118 160/471/118 158/470/118 157/469/118
f 158/476/119 153/475/119 154/474/119 157/473/119
f 159/480/120 156/479/120 155/478/120 160/477/120
o cube
v 2.4995083464631556 1.373837543985372 0.125
v 2.4995083464631556 1.373837543985372 -0.0625
v 2.3168139593159243 1.3316592212958973 0.125
v 2.3168139593159243 1.3316592212958973 -0.0625
v 2.330795055705257 2.1046150925742984 -0.0625
v 2.330795055705257 2.1046150925742984 0.125
v 2.1481006685580253 2.062436769884824 -0.0625
v 2.1481006685580253 2.062436769884824 0.125
vt 0.7734375 0.3359375
vt 0.8515625 0.3359375
vt 0.8515625 0.328125
vt 0.7734375 0.328125
vt 0.4296875 0.59375
vt 0.4375 0.59375
vt 0.4375 0.5859375
vt 0.4296875 0.5859375
vt 0.671875 0.2265625
vt 0.75 0.2265625
vt 0.75 0.21875
vt 0.671875 0.21875
vt 0.4296875 0.5859375
vt 0.4375 0.5859375
vt 0.4375 0.578125
vt 0.4296875 0.578125
vt 0.8515625 0.3203125
vt 0.7734375 0.3203125
vt 0.7734375 0.328125
vt 0.8515625 0.328125
vt 0.8515625 0.3203125
vt 0.7734375 0.3203125
vt 0.7734375 0.3125
vt 0.8515625 0.3125
vn 0 0 -1
vn 0.22495105434386514 -0.9743700647852354 0
vn 0 0 1
vn -0.22495105434386514 0.9743700647852354 0
vn 0.9743700647852354 0.22495105434386514 0
vn -0.9743700647852354 -0.22495105434386514 0
usemtl m_0
f 164/484/121 167/483/121 165/482/121 162/481/121
f 163/488/122 164/487/122 162/486/122 161/485/122
f 168/492/123 163/491/123 161/490/123 166/489/123
f 167/496/124 168/495/124 166/494/124 165/493/124
f 166/500/125 161/499/125 162/498/125 165/497/125
f 167/504/126 164/503/126 163/502/126 168/501/126
o cube
v 2.3291097217974874 2.106210377209374 0.125
v 2.3291097217974874 2.106210377209374 -0.0625
v 2.304636060756228 1.9203144657017845 0.125
v 2.304636060756228 1.9203144657017845 -0.0625
v 1.21373425275195 2.253052343456932 -0.0625
v 1.21373425275195 2.253052343456932 0.125
v 1.1892605917106902 2.0671564319493427 -0.0625
v 1.1892605917106902 2.0671564319493427 0.125
vt 0.75 0.40625
vt 0.875 0.40625
vt 0.875 0.3984375
vt 0.75 0.3984375
vt 0.4375 0.59375
vt 0.4453125 0.59375
vt 0.4453125 0.5859375
vt 0.4375 0.5859375
vt 0.75 0.3984375
vt 0.875 0.3984375
vt 0.875 0.390625
vt 0.75 0.390625
vt 0.4375 0.5859375
vt 0.4453125 0.5859375
vt 0.4453125 0.578125
vt 0.4375 0.578125
vt 0.8828125 0.9921875
vt 0.7578125 0.9921875
vt 0.7578125 1
vt 0.8828125 1
vt 0.8828125 0.9921875
vt 0.7578125 0.9921875
vt 0.7578125 0.984375
vt 0.8828125 0.984375
vn 0 0 -1
vn 0.9914448613738104 -0.13052619222005157 0
vn 0 0 1
vn -0.9914448613738104 0.13052619222005157 0
vn 0.13052619222005157 0.9914448613738104 0
vn -0.13052619222005157 -0.9914448613738104 0
usemtl m_0
f 172/508/127 175/507/127 173/506/127 170/505/127
f 171/512/128 172/511/128 170/510/128 169/509/128
f 176/516/129 171/515/129 169/514/129 174/513/129
f 175/520/130 176/519/130 174/518/130 173/517/130
f 174/524/131 169/523/131 170/522/131 173/521/131
f 175/528/132 172/527/132 171/526/132 176/525/132
o cube
v 1.2502250053322355 1.5453357721324155 0.125
v 1.2502250053322355 1.5453357721324155 -0.0625
v 1.0668223301946465 1.5843192141607456 0.125
v 1.0668223301946465 1.5843192141607456 -0.0625
v 1.393164292769445 2.217812247636907 -0.0625
v 1.393164292769445 2.217812247636907 0.125
v 1.209761617631856 2.256795689665237 -0.0625
v 1.209761617631856 2.256795689665237 0.125
vt 0.65625 0.46875
vt 0.7265625 0.46875
vt 0.7265625 0.4609375
vt 0.65625 0.4609375
vt 0.4453125 0.59375
vt 0.453125 0.59375
vt 0.453125 0.5859375
vt 0.4453125 0.5859375
vt 0.65625 0.4609375
vt 0.7265625 0.4609375
vt 0.7265625 0.453125
vt 0.65625 0.453125
vt 0.4453125 0.5859375
vt 0.453125 0.5859375
vt 0.453125 0.578125
vt 0.4453125 0.578125
vt 0.7265625 0.4453125
vt 0.65625 0.4453125
vt 0.65625 0.453125
vt 0.7265625 0.453125
vt 0.8515625 0.8203125
vt 0.78125 0.8203125
vt 0.78125 0.8125
vt 0.8515625 0.8125
vn 0 0 -1
vn -0.2079116908177594 -0.9781476007338057 0
vn 0 0 1
vn 0.2079116908177594 0.9781476007338057 0
vn 0.9781476007338057 -0.2079116908177594 0
vn -0.9781476007338057 0.2079116908177594 0
usemtl m_0
f 180/532/133 183/531/133 181/530/133 178/529/133
f 179/536/134 180/535/134 178/534/134 177/533/134
f 184/540/135 179/539/135 177/538/135 182/537/135
f 183/544/136 184/543/136 182/542/136 181/541/136
f 182/548/137 177/547/137 178/546/137 181/545/137
f 183/552/138 180/551/138 179/550/138 184/549/138
o cube
v 1.226561366790089 1.729957513619342 0.125
v 1.226561366790089 1.729957513619342 -0.0625
v 1.2510350278313487 1.5440616021117524 0.125
v 1.2510350278313487 1.5440616021117524 -0.0625
v 0.42101241692386837 1.62390498244055 -0.0625
v 0.42101241692386837 1.62390498244055 0.125
v 0.44548607796512807 1.4380090709329605 -0.0625
v 0.44548607796512807 1.4380090709329605 0.125
vt 0.53125 0.609375
vt 0.6171875 0.609375
vt 0.6171875 0.6015625
vt 0.53125 0.6015625
vt 0.453125 0.59375
vt 0.4609375 0.59375
vt 0.4609375 0.5859375
vt 0.453125 0.5859375
vt 0.53125 0.6015625
vt 0.6171875 0.6015625
vt 0.6171875 0.59375
vt 0.53125 0.59375
vt 0.453125 0.5859375
vt 0.4609375 0.5859375
vt 0.4609375 0.578125
vt 0.453125 0.578125
vt 0.6953125 0.90625
vt 0.609375 0.90625
vt 0.609375 0.9140625
vt 0.6953125 0.9140625
vt 0.6953125 0.90625
vt 0.609375 0.90625
vt 0.609375 0.8984375
vt 0.6953125 0.8984375
vn 0 0 -1
vn 0.9914448613738104 0.13052619222005157 0
vn 0 0 1
vn -0.9914448613738104 -0.13052619222005157 0
vn -0.13052619222005157 0.9914448613738104 0
vn 0.13052619222005157 -0.9914448613738104 0
usemtl m_0
f 188/556/139 191/555/139 189/554/139 186/553/139
f 187/560/140 188/559/140 186/558/140 185/557/140
f 192/564/141 187/563/141 185/562/141 190/561/141
f 191/568/142 192/567/142 190/566/142 189/565/142
f 190/572/143 185/571/143 186/570/143 189/569/143
f 191/576/144 188/575/144 187/574/144 192/573/144
o cube
v 2.4703685774704462 3.885780586188048e-15 1.2136887093180975
v 2.5029276107829954 3.885780586188048e-15 1.0290372556283085
v 2.2857171237806573 2.9976021664879227e-15 1.181129676005548
v 2.3182761570932064 2.9976021664879227e-15 0.9964782223157591
v 2.502927610782989 1.375000000000004 1.0290372556283076
v 2.4703685774704396 1.375000000000004 1.2136887093180966
v 2.3182761570932002 1.375000000000003 0.9964782223157582
v 2.2857171237806506 1.375000000000003 1.1811296760055472
vt 0.75 0.65625
vt 0.90625 0.65625
vt 0.90625 0.6484375
vt 0.75 0.6484375
vt 0.4375 0.4609375
vt 0.4453125 0.4609375
vt 0.4453125 0.453125
vt 0.4375 0.453125
vt 0.75 0.6484375
vt 0.90625 0.6484375
vt 0.90625 0.640625
vt 0.75 0.640625
vt 0.4453125 0.4609375
vt 0.453125 0.4609375
vt 0.453125 0.453125
vt 0.4453125 0.453125
vt 0.90625 0.6328125
vt 0.75 0.6328125
vt 0.75 0.640625
vt 0.90625 0.640625
vt 0.90625 0.6328125
vt 0.75 0.6328125
vt 0.75 0.625
vt 0.90625 0.625
vn 0.1736481776669298 2.3569843395875966e-16 -0.9848077530122081
vn 4.635473563470531e-15 -1 5.63705306625815e-16
vn -0.1736481776669298 -2.3569843395875966e-16 0.9848077530122081
vn -4.635473563470531e-15 1 -5.63705306625815e-16
vn 0.9848077530122081 4.693310024979538e-15 0.1736481776669298
vn -0.9848077530122081 -4.693310024979538e-15 -0.1736481776669298
usemtl m_0
f 196/580/145 199/579/145 197/578/145 194/577/145
f 195/584/146 196/583/146 194/582/146 193/581/146
f 200/588/147 195/587/147 193/586/147 198/585/147
f 199/592/148 200/591/148 198/590/148 197/589/148
f 198/596/149 193/595/149 194/594/149 197/593/149
f 199/600/150 196/599/150 195/598/150 200/597/150
o cube
v 2.469884393255559 1.3738375439853705 1.2136033345773811
v 2.502443426568109 1.3738375439853705 1.0289518808875922
v 2.2899655443611517 1.331659221295896 1.1818787871792875
v 2.322524577673701 1.331659221295896 0.9972273334894985
v 2.3362932697935284 2.104615092574297 0.9996551253992917
v 2.3037342364809787 2.1046150925742975 1.1843065790890805
v 2.1563744208991205 2.0624367698848225 0.9679305780011981
v 2.123815387586571 2.062436769884823 1.1525820316909872
vt 0.7734375 0.28125
vt 0.8515625 0.28125
vt 0.8515625 0.2734375
vt 0.7734375 0.2734375
vt 0.453125 0.4609375
vt 0.4609375 0.4609375
vt 0.4609375 0.453125
vt 0.453125 0.453125
vt 0.7734375 0.2734375
vt 0.8515625 0.2734375
vt 0.8515625 0.265625
vt 0.7734375 0.265625
vt 0.4375 0.453125
vt 0.4453125 0.453125
vt 0.4453125 0.4453125
vt 0.4375 0.4453125
vt 0.8515625 0.2578125
vt 0.7734375 0.2578125
vt 0.7734375 0.265625
vt 0.8515625 0.265625
vt 0.8515625 0.2578125
vt 0.7734375 0.2578125
vt 0.7734375 0.25
vt 0.8515625 0.25
vn 0.17364817766693108 -5.412337245047637e-16 -0.9848077530122079
vn 0.22153354236610745 -0.9743700647852356 0.03906234065106726
vn -0.17364817766693108 5.412337245047637e-16 0.9848077530122079
vn -0.22153354236610745 0.9743700647852356 -0.03906234065106726
vn 0.9595671941035073 0.22495105434386375 0.16919758612316563
vn -0.9595671941035073 -0.22495105434386375 -0.16919758612316563
usemtl m_0
f 204/604/151 207/603/151 205/602/151 202/601/151
f 203/608/152 204/607/152 202/606/152 201/605/152
f 208/612/153 203/611/153 201/610/153 206/609/153
f 207/616/154 208/615/154 206/614/154 205/613/154
f 206/620/155 201/619/155 202/618/155 205/617/155
f 207/624/156 204/623/156 203/622/156 208/621/156
o cube
v 2.3020745065821924 2.106210377209374 1.1840139239272363
v 2.3346335398947415 2.106210377209374 0.9993624702374473
v 2.2779726554441666 1.9203144657017845 1.1797641172865834
v 2.310531688756716 1.9203144657017845 0.9951126635967943
v 1.2362031304590682 2.253052343456932 0.8056795526232918
v 1.2036440971465185 2.253052343456932 0.9903310063130809
v 1.2121012793210426 2.0671564319493427 0.8014297459826389
v 1.1795422460084932 2.0671564319493427 0.986081199672428
vt 0.7578125 0.953125
vt 0.8828125 0.953125
vt 0.8828125 0.9453125
vt 0.7578125 0.9453125
vt 0.4453125 0.453125
vt 0.453125 0.453125
vt 0.453125 0.4453125
vt 0.4453125 0.4453125
vt 0.7578125 0.9453125
vt 0.8828125 0.9453125
vt 0.8828125 0.9375
vt 0.7578125 0.9375
vt 0.453125 0.453125
vt 0.4609375 0.453125
vt 0.4609375 0.4453125
vt 0.453125 0.4453125
vt 0.8828125 0.9296875
vt 0.7578125 0.9296875
vt 0.7578125 0.9375
vt 0.8828125 0.9375
vt 0.8828125 0.9296875
vt 0.7578125 0.9296875
vt 0.7578125 0.921875
vt 0.8828125 0.921875
vn 0.17364817766693044 7.285838599102591e-17 -0.9848077530122082
vn 0.9763825861650425 -0.13052619222005163 0.17216259343480464
vn -0.17364817766693044 -7.285838599102591e-17 0.9848077530122082
vn -0.9763825861650425 0.13052619222005163 -0.17216259343480464
vn 0.1285432060694686 0.9914448613738104 0.022665635416815513
vn -0.1285432060694686 -0.9914448613738104 -0.022665635416815513
usemtl m_0
f 212/628/157 215/627/157 213/626/157 210/625/157
f 211/632/158 212/631/158 210/630/158 209/629/158
f 216/636/159 211/635/159 209/634/159 214/633/159
f 215/640/160 216/639/160 214/638/160 213/637/160
f 214/644/161 209/643/161 210/642/161 213/641/161
f 215/648/162 212/647/162 211/646/162 216/645/162
o cube
v 1.2395804732008342 1.5453357721324168 0.9966675590003421
v 1.2721395065133838 1.5453357721324168 0.812016105310553
v 1.0589640968021574 1.5843192141607472 0.9648200186834597
v 1.091523130114707 1.5843192141607472 0.7801685649936707
v 1.4129072249915902 2.2178122476369073 0.8368372520910344
v 1.3803481916790408 2.2178122476369073 1.0214887057808235
v 1.2322908485929134 2.2567956896652377 0.804989711774152
v 1.1997318152803638 2.2567956896652377 0.989641165463941
vt 0.78125 0.78125
vt 0.8515625 0.78125
vt 0.8515625 0.7734375
vt 0.78125 0.7734375
vt 0.5625 0.875
vt 0.5703125 0.875
vt 0.5703125 0.8671875
vt 0.5625 0.8671875
vt 0.78125 0.7734375
vt 0.8515625 0.7734375
vt 0.8515625 0.765625
vt 0.78125 0.765625
vt 0.5625 0.8671875
vt 0.5703125 0.8671875
vt 0.5703125 0.859375
vt 0.5625 0.859375
vt 0.8515625 0.7578125
vt 0.78125 0.7578125
vt 0.78125 0.765625
vt 0.8515625 0.765625
vt 0.8515625 0.7578125
vt 0.78125 0.7578125
vt 0.78125 0.75
vt 0.8515625 0.75
vn 0.17364817766693058 -4.1633363423443395e-17 -0.9848077530122081
vn -0.20475304505920947 -0.9781476007338051 -0.03610348622615468
vn -0.17364817766693058 4.1633363423443395e-17 0.9848077530122081
vn 0.20475304505920947 0.9781476007338051 0.03610348622615468
vn 0.9632873407929409 -0.20791169081776237 0.1698535483567056
vn -0.9632873407929409 0.20791169081776237 -0.1698535483567056
usemtl m_0
f 220/652/163 223/651/163 221/650/163 218/649/163
f 219/656/164 220/655/164 218/654/164 217/653/164
f 224/660/165 219/659/165 217/658/165 222/657/165
f 223/664/166 224/663/166 222/662/166 221/661/166
f 222/668/167 217/667/167 218/666/167 221/665/167
f 223/672/168 220/671/168 219/670/168 224/669/168
o cube
v 1.2162763385000495 1.7299575136193424 0.9925584112905294
v 1.248835371812599 1.7299575136193424 0.8079069576007404
v 1.2403781896380748 1.5440616021117528 0.9968082179311822
v 1.2729372229506244 1.5440616021117528 0.8121567642413933
v 0.45552452055350234 1.6239049824405503 0.6680248504349616
v 0.42296548724095284 1.6239049824405503 0.8526763041247507
v 0.4796263716915277 1.438009070932961 0.6722746570756146
v 0.4470673383789782 1.438009070932961 0.8569261107654036
vt 0.765625 0.5625
vt 0.8515625 0.5625
vt 0.8515625 0.5546875
vt 0.765625 0.5546875
vt 0.5703125 0.8984375
vt 0.578125 0.8984375
vt 0.578125 0.890625
vt 0.5703125 0.890625
vt 0.765625 0.5546875
vt 0.8515625 0.5546875
vt 0.8515625 0.546875
vt 0.765625 0.546875
vt 0.5703125 0.890625
vt 0.578125 0.890625
vt 0.578125 0.8828125
vt 0.5703125 0.8828125
vt 0.8515625 0.5390625
vt 0.765625 0.5390625
vt 0.765625 0.546875
vt 0.8515625 0.546875
vt 0.8515625 0.5390625
vt 0.765625 0.5390625
vt 0.765625 0.53125
vt 0.8515625 0.53125
vn 0.17364817766693044 -7.285838599102591e-17 -0.9848077530122082
vn 0.9763825861650425 0.13052619222005163 0.17216259343480464
vn -0.17364817766693044 7.285838599102591e-17 0.9848077530122082
vn -0.9763825861650425 -0.13052619222005163 -0.17216259343480464
vn -0.1285432060694686 0.9914448613738104 -0.022665635416815513
vn 0.1285432060694686 -0.9914448613738104 0.022665635416815513
usemtl m_0
f 228/676/169 231/675/169 229/674/169 226/673/169
f 227/680/170 228/679/170 226/678/170 225/677/170
f 232/684/171 227/683/171 225/682/171 230/681/171
f 231/688/172 232/687/172 230/686/172 229/685/172
f 230/692/173 225/691/173 226/690/173 229/689/173
f 231/696/174 228/695/174 227/694/174 232/693/174
o cube
v 2.538428271133627 6.772360450213455e-15 -0.9235727750136096
v 2.4591873470572456 6.5503158452884236e-15 -1.0935054850829815
v 2.368495561064255 6.106226635438361e-15 -0.8443318509372285
v 2.2892546369878737 5.88418203051333e-15 -1.0142645610066003
v 2.4591873470572416 1.3750000000000062 -1.0935054850829806
v 2.538428271133623 1.3750000000000067 -0.9235727750136086
v 2.2892546369878697 1.3750000000000058 -1.0142645610065995
v 2.368495561064251 1.3750000000000058 -0.8443318509372275
vt 0.75 0.6875
vt 0.90625 0.6875
vt 0.90625 0.6796875
vt 0.75 0.6796875
vt 0.453125 0.5234375
vt 0.4609375 0.5234375
vt 0.4609375 0.515625
vt 0.453125 0.515625
vt 0.75 0.6796875
vt 0.90625 0.6796875
vt 0.90625 0.671875
vt 0.75 0.671875
vt 0.453125 0.515625
vt 0.4609375 0.515625
vt 0.4609375 0.5078125
vt 0.453125 0.5078125
vt 0.90625 0.6640625
vt 0.75 0.6640625
vt 0.75 0.671875
vt 0.90625 0.671875
vt 0.90625 0.6640625
vt 0.75 0.6640625
vt 0.75 0.65625
vt 0.90625 0.65625
vn -0.4226182617406992 -6.848841116192122e-16 -0.9063077870366503
vn 3.110620891189695e-15 -1 -6.84884111619212e-16
